1 3 1.000000
1 4 1.000000
1 19 1.000000
2 4 1.000000
2 5 1.000000
2 9 1.000000
2 19 1.000000
2 26 1.000000
2 28 1.000000
2 45 1.000000
2 54 1.000000
2 74 1.000000
2 97 1.000000
2 108 1.000000
2 116 1.000000
3 4 1.000000
3 18 1.000000
3 116 1.000000
4 5 1.000000
4 6 1.000000
4 7 1.000000
4 8 1.000000
4 9 1.000000
4 10 1.000000
4 11 1.000000
4 12 1.000000
4 13 1.000000
4 14 1.000000
4 15 1.000000
4 16 1.000000
4 17 1.000000
4 18 1.000000
4 19 1.000000
4 20 1.000000
4 21 1.000000
4 22 1.000000
4 23 1.000000
4 24 1.000000
4 25 1.000000
4 26 1.000000
4 27 1.000000
4 28 1.000000
4 29 1.000000
4 30 1.000000
4 31 1.000000
4 32 1.000000
4 33 1.000000
4 34 1.000000
4 35 1.000000
4 36 1.000000
4 37 1.000000
4 38 1.000000
4 39 1.000000
4 40 1.000000
4 41 1.000000
4 42 1.000000
4 43 1.000000
4 44 1.000000
4 45 1.000000
4 46 1.000000
5 6 1.000000
5 7 1.000000
5 8 1.000000
5 9 1.000000
5 10 1.000000
5 15 1.000000
5 22 1.000000
5 24 1.000000
5 26 1.000000
5 28 1.000000
5 29 1.000000
5 31 1.000000
5 32 1.000000
5 34 1.000000
5 35 1.000000
5 36 1.000000
5 37 1.000000
5 38 1.000000
5 39 1.000000
5 42 1.000000
5 43 1.000000
5 45 1.000000
5 54 1.000000
5 64 1.000000
5 78 1.000000
5 105 1.000000
5 118 1.000000
5 123 1.000000
5 135 1.000000
6 7 1.000000
6 8 1.000000
6 9 1.000000
6 10 1.000000
6 13 1.000000
6 15 1.000000
6 17 1.000000
6 19 1.000000
6 20 1.000000
6 22 1.000000
6 23 1.000000
6 24 1.000000
6 25 1.000000
6 26 1.000000
6 28 1.000000
6 29 1.000000
6 32 1.000000
6 34 1.000000
6 35 1.000000
6 36 1.000000
6 37 1.000000
6 38 1.000000
6 39 1.000000
6 42 1.000000
6 43 1.000000
6 44 1.000000
6 45 1.000000
6 46 1.000000
6 64 1.000000
6 76 1.000000
6 112 1.000000
6 113 1.000000
6 133 1.000000
6 135 1.000000
6 148 1.000000
7 8 1.000000
7 9 1.000000
7 10 1.000000
7 11 1.000000
7 13 1.000000
7 14 1.000000
7 15 1.000000
7 17 1.000000
7 19 1.000000
7 20 1.000000
7 21 1.000000
7 22 1.000000
7 23 1.000000
7 24 1.000000
7 25 1.000000
7 26 1.000000
7 28 1.000000
7 29 1.000000
7 30 1.000000
7 31 1.000000
7 32 1.000000
7 33 1.000000
7 34 1.000000
7 35 1.000000
7 36 1.000000
7 37 1.000000
7 38 1.000000
7 39 1.000000
7 40 1.000000
7 41 1.000000
7 42 1.000000
7 43 1.000000
7 44 1.000000
7 45 1.000000
7 46 1.000000
7 54 1.000000
7 60 1.000000
7 63 1.000000
7 64 1.000000
7 76 1.000000
7 78 1.000000
7 83 1.000000
7 102 1.000000
7 105 1.000000
7 108 1.000000
7 112 1.000000
7 118 1.000000
7 135 1.000000
7 145 1.000000
7 148 1.000000
8 9 1.000000
8 10 1.000000
8 11 1.000000
8 15 1.000000
8 20 1.000000
8 23 1.000000
8 24 1.000000
8 25 1.000000
8 26 1.000000
8 28 1.000000
8 29 1.000000
8 30 1.000000
8 31 1.000000
8 32 1.000000
8 33 1.000000
8 34 1.000000
8 35 1.000000
8 36 1.000000
8 38 1.000000
8 39 1.000000
8 40 1.000000
8 42 1.000000
8 43 1.000000
8 44 1.000000
8 45 1.000000
8 46 1.000000
8 64 1.000000
8 83 1.000000
8 135 1.000000
8 148 1.000000
9 10 1.000000
9 11 1.000000
9 12 1.000000
9 13 1.000000
9 14 1.000000
9 15 1.000000
9 17 1.000000
9 19 1.000000
9 20 1.000000
9 21 1.000000
9 22 1.000000
9 23 1.000000
9 24 1.000000
9 25 1.000000
9 26 1.000000
9 28 1.000000
9 29 1.000000
9 30 1.000000
9 31 1.000000
9 32 1.000000
9 33 1.000000
9 34 1.000000
9 35 1.000000
9 36 1.000000
9 37 1.000000
9 38 1.000000
9 39 1.000000
9 40 1.000000
9 42 1.000000
9 43 1.000000
9 44 1.000000
9 45 1.000000
9 46 1.000000
9 54 1.000000
9 59 1.000000
9 60 1.000000
9 64 1.000000
9 76 1.000000
9 78 1.000000
9 80 1.000000
9 83 1.000000
9 102 1.000000
9 105 1.000000
9 112 1.000000
9 113 1.000000
9 118 1.000000
9 119 1.000000
9 135 1.000000
9 139 1.000000
9 141 1.000000
9 148 1.000000
10 11 1.000000
10 12 1.000000
10 14 1.000000
10 15 1.000000
10 17 1.000000
10 19 1.000000
10 20 1.000000
10 21 1.000000
10 22 1.000000
10 24 1.000000
10 25 1.000000
10 26 1.000000
10 28 1.000000
10 29 1.000000
10 30 1.000000
10 31 1.000000
10 32 1.000000
10 33 1.000000
10 34 1.000000
10 35 1.000000
10 36 1.000000
10 37 1.000000
10 38 1.000000
10 39 1.000000
10 42 1.000000
10 43 1.000000
10 44 1.000000
10 45 1.000000
10 54 1.000000
10 64 1.000000
10 76 1.000000
10 83 1.000000
10 105 1.000000
10 108 1.000000
10 118 1.000000
10 135 1.000000
10 141 1.000000
11 12 1.000000
11 14 1.000000
11 15 1.000000
11 17 1.000000
11 19 1.000000
11 20 1.000000
11 23 1.000000
11 25 1.000000
11 26 1.000000
11 28 1.000000
11 29 1.000000
11 31 1.000000
11 32 1.000000
11 33 1.000000
11 34 1.000000
11 35 1.000000
11 36 1.000000
11 38 1.000000
11 39 1.000000
11 40 1.000000
11 42 1.000000
11 43 1.000000
11 44 1.000000
11 45 1.000000
11 46 1.000000
11 54 1.000000
11 64 1.000000
11 83 1.000000
11 105 1.000000
11 135 1.000000
12 14 1.000000
12 22 1.000000
12 23 1.000000
12 26 1.000000
12 29 1.000000
12 33 1.000000
12 35 1.000000
12 37 1.000000
12 38 1.000000
12 40 1.000000
12 42 1.000000
12 45 1.000000
12 74 1.000000
12 83 1.000000
12 89 1.000000
12 141 1.000000
12 148 1.000000
13 14 1.000000
13 15 1.000000
13 16 1.000000
13 17 1.000000
13 19 1.000000
13 20 1.000000
13 22 1.000000
13 23 1.000000
13 24 1.000000
13 25 1.000000
13 28 1.000000
13 32 1.000000
13 33 1.000000
13 34 1.000000
13 35 1.000000
13 36 1.000000
13 37 1.000000
13 38 1.000000
13 39 1.000000
13 40 1.000000
13 42 1.000000
13 43 1.000000
13 46 1.000000
13 48 1.000000
13 64 1.000000
13 74 1.000000
13 76 1.000000
13 83 1.000000
13 89 1.000000
13 98 1.000000
13 105 1.000000
13 112 1.000000
13 135 1.000000
13 143 1.000000
13 148 1.000000
14 15 1.000000
14 19 1.000000
14 20 1.000000
14 21 1.000000
14 22 1.000000
14 23 1.000000
14 24 1.000000
14 25 1.000000
14 26 1.000000
14 29 1.000000
14 31 1.000000
14 32 1.000000
14 33 1.000000
14 34 1.000000
14 35 1.000000
14 36 1.000000
14 37 1.000000
14 38 1.000000
14 39 1.000000
14 40 1.000000
14 42 1.000000
14 43 1.000000
14 45 1.000000
14 46 1.000000
14 54 1.000000
14 64 1.000000
14 74 1.000000
14 78 1.000000
14 83 1.000000
14 105 1.000000
14 108 1.000000
14 118 1.000000
14 135 1.000000
14 141 1.000000
14 148 1.000000
15 16 1.000000
15 17 1.000000
15 19 1.000000
15 20 1.000000
15 21 1.000000
15 22 1.000000
15 23 1.000000
15 24 1.000000
15 28 1.000000
15 29 1.000000
15 30 1.000000
15 31 1.000000
15 32 1.000000
15 33 1.000000
15 35 1.000000
15 36 1.000000
15 37 1.000000
15 38 1.000000
15 41 1.000000
15 42 1.000000
15 43 1.000000
15 45 1.000000
15 46 1.000000
15 54 1.000000
15 64 1.000000
15 66 1.000000
15 76 1.000000
15 79 1.000000
15 83 1.000000
15 112 1.000000
15 135 1.000000
15 141 1.000000
15 148 1.000000
16 23 1.000000
16 28 1.000000
16 39 1.000000
16 43 1.000000
16 53 1.000000
16 58 1.000000
16 65 1.000000
16 66 1.000000
16 69 1.000000
16 70 1.000000
16 74 1.000000
16 76 1.000000
16 79 1.000000
16 83 1.000000
16 86 1.000000
16 87 1.000000
16 88 1.000000
16 89 1.000000
16 98 1.000000
16 99 1.000000
16 104 1.000000
16 111 1.000000
16 120 1.000000
16 121 1.000000
16 122 1.000000
16 124 1.000000
16 130 1.000000
16 143 1.000000
16 145 1.000000
16 147 1.000000
16 150 1.000000
17 19 1.000000
17 20 1.000000
17 22 1.000000
17 24 1.000000
17 25 1.000000
17 26 1.000000
17 29 1.000000
17 31 1.000000
17 32 1.000000
17 33 1.000000
17 36 1.000000
17 39 1.000000
17 40 1.000000
17 41 1.000000
17 42 1.000000
17 43 1.000000
17 46 1.000000
17 59 1.000000
17 60 1.000000
17 64 1.000000
17 76 1.000000
17 78 1.000000
17 83 1.000000
17 102 1.000000
17 105 1.000000
17 112 1.000000
17 113 1.000000
17 118 1.000000
17 135 1.000000
17 148 1.000000
18 19 1.000000
18 30 1.000000
18 44 1.000000
19 20 1.000000
19 21 1.000000
19 22 1.000000
19 23 1.000000
19 24 1.000000
19 25 1.000000
19 26 1.000000
19 29 1.000000
19 31 1.000000
19 32 1.000000
19 33 1.000000
19 34 1.000000
19 35 1.000000
19 36 1.000000
19 37 1.000000
19 38 1.000000
19 39 1.000000
19 41 1.000000
19 42 1.000000
19 43 1.000000
19 44 1.000000
19 46 1.000000
19 64 1.000000
19 67 1.000000
19 74 1.000000
19 76 1.000000
19 78 1.000000
19 79 1.000000
19 83 1.000000
19 108 1.000000
19 118 1.000000
19 134 1.000000
19 135 1.000000
19 141 1.000000
19 148 1.000000
20 21 1.000000
20 22 1.000000
20 23 1.000000
20 25 1.000000
20 26 1.000000
20 28 1.000000
20 29 1.000000
20 31 1.000000
20 32 1.000000
20 33 1.000000
20 34 1.000000
20 35 1.000000
20 40 1.000000
20 42 1.000000
20 43 1.000000
20 44 1.000000
20 45 1.000000
20 78 1.000000
20 83 1.000000
20 118 1.000000
20 135 1.000000
20 148 1.000000
21 22 1.000000
21 26 1.000000
21 29 1.000000
21 30 1.000000
21 32 1.000000
21 35 1.000000
21 42 1.000000
21 44 1.000000
21 45 1.000000
21 54 1.000000
21 64 1.000000
21 76 1.000000
22 23 1.000000
22 24 1.000000
22 25 1.000000
22 26 1.000000
22 28 1.000000
22 29 1.000000
22 30 1.000000
22 32 1.000000
22 33 1.000000
22 36 1.000000
22 37 1.000000
22 39 1.000000
22 40 1.000000
22 42 1.000000
22 43 1.000000
22 44 1.000000
22 45 1.000000
22 54 1.000000
22 64 1.000000
22 76 1.000000
22 78 1.000000
22 102 1.000000
22 103 1.000000
22 105 1.000000
22 113 1.000000
22 118 1.000000
22 119 1.000000
22 135 1.000000
22 139 1.000000
22 148 1.000000
23 24 1.000000
23 25 1.000000
23 26 1.000000
23 28 1.000000
23 29 1.000000
23 30 1.000000
23 31 1.000000
23 32 1.000000
23 33 1.000000
23 34 1.000000
23 36 1.000000
23 39 1.000000
23 40 1.000000
23 42 1.000000
23 43 1.000000
23 44 1.000000
23 45 1.000000
23 64 1.000000
23 69 1.000000
23 76 1.000000
23 78 1.000000
23 83 1.000000
23 102 1.000000
23 112 1.000000
23 118 1.000000
23 135 1.000000
23 141 1.000000
23 148 1.000000
24 25 1.000000
24 26 1.000000
24 28 1.000000
24 29 1.000000
24 32 1.000000
24 33 1.000000
24 36 1.000000
24 37 1.000000
24 38 1.000000
24 39 1.000000
24 42 1.000000
24 43 1.000000
24 46 1.000000
24 63 1.000000
24 64 1.000000
24 78 1.000000
24 112 1.000000
24 120 1.000000
24 135 1.000000
24 148 1.000000
25 26 1.000000
25 28 1.000000
25 31 1.000000
25 32 1.000000
25 33 1.000000
25 35 1.000000
25 36 1.000000
25 37 1.000000
25 38 1.000000
25 40 1.000000
25 41 1.000000
25 42 1.000000
25 43 1.000000
25 45 1.000000
25 46 1.000000
25 54 1.000000
25 64 1.000000
25 74 1.000000
25 76 1.000000
25 83 1.000000
25 135 1.000000
25 141 1.000000
25 148 1.000000
26 28 1.000000
26 29 1.000000
26 30 1.000000
26 31 1.000000
26 32 1.000000
26 33 1.000000
26 34 1.000000
26 35 1.000000
26 36 1.000000
26 37 1.000000
26 38 1.000000
26 39 1.000000
26 40 1.000000
26 42 1.000000
26 43 1.000000
26 44 1.000000
26 45 1.000000
26 46 1.000000
26 54 1.000000
26 64 1.000000
26 76 1.000000
26 78 1.000000
26 108 1.000000
26 118 1.000000
26 141 1.000000
27 44 1.000000
27 66 1.000000
28 29 1.000000
28 30 1.000000
28 31 1.000000
28 32 1.000000
28 33 1.000000
28 34 1.000000
28 35 1.000000
28 36 1.000000
28 37 1.000000
28 38 1.000000
28 39 1.000000
28 42 1.000000
28 43 1.000000
28 44 1.000000
28 45 1.000000
28 46 1.000000
28 54 1.000000
28 64 1.000000
28 69 1.000000
28 74 1.000000
28 76 1.000000
28 78 1.000000
28 83 1.000000
28 105 1.000000
28 106 1.000000
28 108 1.000000
28 118 1.000000
28 135 1.000000
28 137 1.000000
29 31 1.000000
29 32 1.000000
29 33 1.000000
29 34 1.000000
29 35 1.000000
29 36 1.000000
29 37 1.000000
29 38 1.000000
29 39 1.000000
29 42 1.000000
29 43 1.000000
29 45 1.000000
29 46 1.000000
29 54 1.000000
29 64 1.000000
29 76 1.000000
29 78 1.000000
29 83 1.000000
29 105 1.000000
29 108 1.000000
29 118 1.000000
29 135 1.000000
29 141 1.000000
30 32 1.000000
30 33 1.000000
30 34 1.000000
30 35 1.000000
30 39 1.000000
30 45 1.000000
30 54 1.000000
30 64 1.000000
30 105 1.000000
30 108 1.000000
30 135 1.000000
31 32 1.000000
31 33 1.000000
31 34 1.000000
31 36 1.000000
31 37 1.000000
31 39 1.000000
31 40 1.000000
31 44 1.000000
31 45 1.000000
31 54 1.000000
31 64 1.000000
31 74 1.000000
31 76 1.000000
31 83 1.000000
31 105 1.000000
31 112 1.000000
31 118 1.000000
31 148 1.000000
32 33 1.000000
32 34 1.000000
32 36 1.000000
32 38 1.000000
32 39 1.000000
32 42 1.000000
32 43 1.000000
32 44 1.000000
32 45 1.000000
32 64 1.000000
32 76 1.000000
32 78 1.000000
32 80 1.000000
32 112 1.000000
33 34 1.000000
33 35 1.000000
33 36 1.000000
33 37 1.000000
33 38 1.000000
33 39 1.000000
33 42 1.000000
33 43 1.000000
33 44 1.000000
33 45 1.000000
33 46 1.000000
33 54 1.000000
33 64 1.000000
33 74 1.000000
33 76 1.000000
33 78 1.000000
33 80 1.000000
33 83 1.000000
33 102 1.000000
33 105 1.000000
33 108 1.000000
33 112 1.000000
33 113 1.000000
33 118 1.000000
33 135 1.000000
33 148 1.000000
34 36 1.000000
34 38 1.000000
34 42 1.000000
34 43 1.000000
34 45 1.000000
34 54 1.000000
34 83 1.000000
34 135 1.000000
34 148 1.000000
35 36 1.000000
35 39 1.000000
35 42 1.000000
35 45 1.000000
35 54 1.000000
35 64 1.000000
35 83 1.000000
35 89 1.000000
35 105 1.000000
35 108 1.000000
35 121 1.000000
36 37 1.000000
36 38 1.000000
36 39 1.000000
36 42 1.000000
36 43 1.000000
36 45 1.000000
36 46 1.000000
36 63 1.000000
36 64 1.000000
36 78 1.000000
36 83 1.000000
36 105 1.000000
36 118 1.000000
36 148 1.000000
37 39 1.000000
37 40 1.000000
37 42 1.000000
37 43 1.000000
37 46 1.000000
37 54 1.000000
37 64 1.000000
37 78 1.000000
37 148 1.000000
38 39 1.000000
38 40 1.000000
38 42 1.000000
38 43 1.000000
38 44 1.000000
38 45 1.000000
38 54 1.000000
38 76 1.000000
38 112 1.000000
38 135 1.000000
38 141 1.000000
38 148 1.000000
39 40 1.000000
39 41 1.000000
39 42 1.000000
39 43 1.000000
39 45 1.000000
39 46 1.000000
39 64 1.000000
39 79 1.000000
39 83 1.000000
39 89 1.000000
39 102 1.000000
39 111 1.000000
39 112 1.000000
39 133 1.000000
39 135 1.000000
39 148 1.000000
40 42 1.000000
40 44 1.000000
40 83 1.000000
40 119 1.000000
40 139 1.000000
40 141 1.000000
40 148 1.000000
41 76 1.000000
42 43 1.000000
42 45 1.000000
42 46 1.000000
42 54 1.000000
42 64 1.000000
42 76 1.000000
42 78 1.000000
42 83 1.000000
42 105 1.000000
42 118 1.000000
42 135 1.000000
42 141 1.000000
42 148 1.000000
43 45 1.000000
43 46 1.000000
43 54 1.000000
43 64 1.000000
43 76 1.000000
43 78 1.000000
43 118 1.000000
43 135 1.000000
43 148 1.000000
44 45 1.000000
44 46 1.000000
44 67 1.000000
44 76 1.000000
44 102 1.000000
44 112 1.000000
45 46 1.000000
45 54 1.000000
45 64 1.000000
45 66 1.000000
45 105 1.000000
45 118 1.000000
45 141 1.000000
46 54 1.000000
46 63 1.000000
46 64 1.000000
46 76 1.000000
46 80 1.000000
46 112 1.000000
46 113 1.000000
46 118 1.000000
46 148 1.000000
47 49 1.000000
47 53 1.000000
47 61 1.000000
47 62 1.000000
47 65 1.000000
47 70 1.000000
47 71 1.000000
47 75 1.000000
47 77 1.000000
47 79 1.000000
47 81 1.000000
47 86 1.000000
47 87 1.000000
47 88 1.000000
47 91 1.000000
47 92 1.000000
47 93 1.000000
47 94 1.000000
47 98 1.000000
47 101 1.000000
47 104 1.000000
47 111 1.000000
47 120 1.000000
47 121 1.000000
47 131 1.000000
47 133 1.000000
47 138 1.000000
47 142 1.000000
47 145 1.000000
47 149 1.000000
47 150 1.000000
48 53 1.000000
48 58 1.000000
48 69 1.000000
48 85 1.000000
48 90 1.000000
48 98 1.000000
48 99 1.000000
48 130 1.000000
48 143 1.000000
49 53 1.000000
49 62 1.000000
49 65 1.000000
49 82 1.000000
49 86 1.000000
49 98 1.000000
49 121 1.000000
49 131 1.000000
49 145 1.000000
49 150 1.000000
50 52 1.000000
50 57 1.000000
50 73 1.000000
50 84 1.000000
50 95 1.000000
50 107 1.000000
50 110 1.000000
50 117 1.000000
50 125 1.000000
50 126 1.000000
50 128 1.000000
50 140 1.000000
50 146 1.000000
51 52 1.000000
51 56 1.000000
51 57 1.000000
51 68 1.000000
51 72 1.000000
51 73 1.000000
51 84 1.000000
51 95 1.000000
51 100 1.000000
51 103 1.000000
51 107 1.000000
51 110 1.000000
51 114 1.000000
51 117 1.000000
51 125 1.000000
51 126 1.000000
51 128 1.000000
51 129 1.000000
51 136 1.000000
51 140 1.000000
51 146 1.000000
52 56 1.000000
52 57 1.000000
52 68 1.000000
52 72 1.000000
52 73 1.000000
52 84 1.000000
52 95 1.000000
52 100 1.000000
52 103 1.000000
52 107 1.000000
52 110 1.000000
52 114 1.000000
52 117 1.000000
52 125 1.000000
52 126 1.000000
52 128 1.000000
52 129 1.000000
52 132 1.000000
52 136 1.000000
52 140 1.000000
52 146 1.000000
53 61 1.000000
53 62 1.000000
53 63 1.000000
53 65 1.000000
53 70 1.000000
53 71 1.000000
53 75 1.000000
53 77 1.000000
53 79 1.000000
53 81 1.000000
53 82 1.000000
53 85 1.000000
53 86 1.000000
53 88 1.000000
53 89 1.000000
53 90 1.000000
53 91 1.000000
53 92 1.000000
53 93 1.000000
53 94 1.000000
53 98 1.000000
53 101 1.000000
53 104 1.000000
53 106 1.000000
53 111 1.000000
53 120 1.000000
53 121 1.000000
53 130 1.000000
53 131 1.000000
53 133 1.000000
53 142 1.000000
53 145 1.000000
53 149 1.000000
53 150 1.000000
54 64 1.000000
54 74 1.000000
54 78 1.000000
54 105 1.000000
54 108 1.000000
54 123 1.000000
55 109 1.000000
56 57 1.000000
56 68 1.000000
56 72 1.000000
56 73 1.000000
56 84 1.000000
56 95 1.000000
56 100 1.000000
56 103 1.000000
56 107 1.000000
56 110 1.000000
56 117 1.000000
56 125 1.000000
56 126 1.000000
56 128 1.000000
56 129 1.000000
56 136 1.000000
56 140 1.000000
56 146 1.000000
57 68 1.000000
57 72 1.000000
57 73 1.000000
57 84 1.000000
57 95 1.000000
57 96 1.000000
57 100 1.000000
57 103 1.000000
57 107 1.000000
57 110 1.000000
57 114 1.000000
57 117 1.000000
57 125 1.000000
57 126 1.000000
57 128 1.000000
57 129 1.000000
57 132 1.000000
57 136 1.000000
57 140 1.000000
57 146 1.000000
58 65 1.000000
58 69 1.000000
58 85 1.000000
58 87 1.000000
58 98 1.000000
58 99 1.000000
58 105 1.000000
58 106 1.000000
58 127 1.000000
58 143 1.000000
58 144 1.000000
58 147 1.000000
59 60 1.000000
59 102 1.000000
59 112 1.000000
59 113 1.000000
60 64 1.000000
60 102 1.000000
60 112 1.000000
60 113 1.000000
60 118 1.000000
61 65 1.000000
61 86 1.000000
61 87 1.000000
61 88 1.000000
61 101 1.000000
61 111 1.000000
61 120 1.000000
61 121 1.000000
61 143 1.000000
61 147 1.000000
61 150 1.000000
62 65 1.000000
62 69 1.000000
62 70 1.000000
62 75 1.000000
62 77 1.000000
62 79 1.000000
62 81 1.000000
62 86 1.000000
62 89 1.000000
62 91 1.000000
62 92 1.000000
62 93 1.000000
62 104 1.000000
62 121 1.000000
62 131 1.000000
62 142 1.000000
62 149 1.000000
63 64 1.000000
63 79 1.000000
63 82 1.000000
63 86 1.000000
63 92 1.000000
63 101 1.000000
63 111 1.000000
63 145 1.000000
64 76 1.000000
64 78 1.000000
64 102 1.000000
64 105 1.000000
64 108 1.000000
64 112 1.000000
64 113 1.000000
64 118 1.000000
64 135 1.000000
64 148 1.000000
65 70 1.000000
65 71 1.000000
65 75 1.000000
65 77 1.000000
65 79 1.000000
65 81 1.000000
65 82 1.000000
65 85 1.000000
65 86 1.000000
65 87 1.000000
65 88 1.000000
65 89 1.000000
65 90 1.000000
65 91 1.000000
65 92 1.000000
65 93 1.000000
65 94 1.000000
65 98 1.000000
65 101 1.000000
65 104 1.000000
65 111 1.000000
65 120 1.000000
65 121 1.000000
65 122 1.000000
65 131 1.000000
65 133 1.000000
65 138 1.000000
65 142 1.000000
65 143 1.000000
65 145 1.000000
65 147 1.000000
65 149 1.000000
65 150 1.000000
67 134 1.000000
68 73 1.000000
68 84 1.000000
68 95 1.000000
68 103 1.000000
68 107 1.000000
68 110 1.000000
68 117 1.000000
68 125 1.000000
68 126 1.000000
68 128 1.000000
68 129 1.000000
68 136 1.000000
68 140 1.000000
68 146 1.000000
69 76 1.000000
69 79 1.000000
69 85 1.000000
69 87 1.000000
69 89 1.000000
69 98 1.000000
69 106 1.000000
69 120 1.000000
69 122 1.000000
69 130 1.000000
69 142 1.000000
69 143 1.000000
70 75 1.000000
70 79 1.000000
70 81 1.000000
70 87 1.000000
70 88 1.000000
70 92 1.000000
70 93 1.000000
70 98 1.000000
70 101 1.000000
70 104 1.000000
70 111 1.000000
70 120 1.000000
70 121 1.000000
70 142 1.000000
70 145 1.000000
70 149 1.000000
71 77 1.000000
71 79 1.000000
71 87 1.000000
71 88 1.000000
71 93 1.000000
71 98 1.000000
71 104 1.000000
71 120 1.000000
71 121 1.000000
71 142 1.000000
71 145 1.000000
71 149 1.000000
72 73 1.000000
72 84 1.000000
72 95 1.000000
72 96 1.000000
72 100 1.000000
72 103 1.000000
72 107 1.000000
72 110 1.000000
72 114 1.000000
72 117 1.000000
72 125 1.000000
72 126 1.000000
72 128 1.000000
72 129 1.000000
72 132 1.000000
72 136 1.000000
72 140 1.000000
72 146 1.000000
73 84 1.000000
73 95 1.000000
73 96 1.000000
73 100 1.000000
73 103 1.000000
73 107 1.000000
73 110 1.000000
73 117 1.000000
73 125 1.000000
73 126 1.000000
73 128 1.000000
73 129 1.000000
73 132 1.000000
73 136 1.000000
73 140 1.000000
73 146 1.000000
74 79 1.000000
74 97 1.000000
74 98 1.000000
74 105 1.000000
74 111 1.000000
75 77 1.000000
75 79 1.000000
75 81 1.000000
75 82 1.000000
75 88 1.000000
75 92 1.000000
75 93 1.000000
75 111 1.000000
75 121 1.000000
75 142 1.000000
75 145 1.000000
75 149 1.000000
76 78 1.000000
76 105 1.000000
76 112 1.000000
76 118 1.000000
76 135 1.000000
76 137 1.000000
76 141 1.000000
77 79 1.000000
77 86 1.000000
77 88 1.000000
77 94 1.000000
77 98 1.000000
77 111 1.000000
77 120 1.000000
77 121 1.000000
77 142 1.000000
77 143 1.000000
77 145 1.000000
78 83 1.000000
78 108 1.000000
78 112 1.000000
78 135 1.000000
79 82 1.000000
79 86 1.000000
79 88 1.000000
79 89 1.000000
79 92 1.000000
79 94 1.000000
79 98 1.000000
79 104 1.000000
79 111 1.000000
79 120 1.000000
79 121 1.000000
79 131 1.000000
79 133 1.000000
79 145 1.000000
81 87 1.000000
81 93 1.000000
81 104 1.000000
81 120 1.000000
81 121 1.000000
81 131 1.000000
81 142 1.000000
81 145 1.000000
81 149 1.000000
82 86 1.000000
82 88 1.000000
82 98 1.000000
82 104 1.000000
82 121 1.000000
82 131 1.000000
82 143 1.000000
82 145 1.000000
83 105 1.000000
83 112 1.000000
83 135 1.000000
83 141 1.000000
83 148 1.000000
84 95 1.000000
84 96 1.000000
84 100 1.000000
84 103 1.000000
84 107 1.000000
84 110 1.000000
84 114 1.000000
84 125 1.000000
84 126 1.000000
84 128 1.000000
84 129 1.000000
84 132 1.000000
84 136 1.000000
84 140 1.000000
84 146 1.000000
85 87 1.000000
85 90 1.000000
85 91 1.000000
85 92 1.000000
85 93 1.000000
85 98 1.000000
85 99 1.000000
85 106 1.000000
85 124 1.000000
85 127 1.000000
85 130 1.000000
85 143 1.000000
85 149 1.000000
86 88 1.000000
86 89 1.000000
86 93 1.000000
86 94 1.000000
86 98 1.000000
86 111 1.000000
86 115 1.000000
86 121 1.000000
86 131 1.000000
86 133 1.000000
86 142 1.000000
86 145 1.000000
86 150 1.000000
87 88 1.000000
87 98 1.000000
87 99 1.000000
87 101 1.000000
87 104 1.000000
87 120 1.000000
87 133 1.000000
87 143 1.000000
87 144 1.000000
87 145 1.000000
87 147 1.000000
87 149 1.000000
87 150 1.000000
88 92 1.000000
88 93 1.000000
88 98 1.000000
88 101 1.000000
88 104 1.000000
88 111 1.000000
88 120 1.000000
88 121 1.000000
88 142 1.000000
88 143 1.000000
88 149 1.000000
88 150 1.000000
89 98 1.000000
89 104 1.000000
89 111 1.000000
89 120 1.000000
89 121 1.000000
89 133 1.000000
89 138 1.000000
89 143 1.000000
90 91 1.000000
90 130 1.000000
91 92 1.000000
91 93 1.000000
91 106 1.000000
91 130 1.000000
91 143 1.000000
91 149 1.000000
92 93 1.000000
92 104 1.000000
92 121 1.000000
92 142 1.000000
92 149 1.000000
93 98 1.000000
93 101 1.000000
93 111 1.000000
93 120 1.000000
93 121 1.000000
93 142 1.000000
93 149 1.000000
94 98 1.000000
94 111 1.000000
94 121 1.000000
94 124 1.000000
94 131 1.000000
94 142 1.000000
94 145 1.000000
95 100 1.000000
95 103 1.000000
95 107 1.000000
95 110 1.000000
95 114 1.000000
95 117 1.000000
95 125 1.000000
95 126 1.000000
95 128 1.000000
95 129 1.000000
95 132 1.000000
95 136 1.000000
95 140 1.000000
95 146 1.000000
96 100 1.000000
96 110 1.000000
96 114 1.000000
96 128 1.000000
96 129 1.000000
96 132 1.000000
96 146 1.000000
97 98 1.000000
97 105 1.000000
97 108 1.000000
98 99 1.000000
98 104 1.000000
98 108 1.000000
98 111 1.000000
98 120 1.000000
98 122 1.000000
98 124 1.000000
98 130 1.000000
98 131 1.000000
98 133 1.000000
98 138 1.000000
98 143 1.000000
98 147 1.000000
98 149 1.000000
98 150 1.000000
99 106 1.000000
99 143 1.000000
99 144 1.000000
99 147 1.000000
100 103 1.000000
100 107 1.000000
100 110 1.000000
100 114 1.000000
100 117 1.000000
100 125 1.000000
100 126 1.000000
100 128 1.000000
100 129 1.000000
100 132 1.000000
100 136 1.000000
100 140 1.000000
101 104 1.000000
101 111 1.000000
101 120 1.000000
101 133 1.000000
101 145 1.000000
102 112 1.000000
102 113 1.000000
102 114 1.000000
102 118 1.000000
103 107 1.000000
103 110 1.000000
103 117 1.000000
103 125 1.000000
103 126 1.000000
103 128 1.000000
103 129 1.000000
103 136 1.000000
103 140 1.000000
103 146 1.000000
104 111 1.000000
104 120 1.000000
104 133 1.000000
104 142 1.000000
104 143 1.000000
104 145 1.000000
104 149 1.000000
104 150 1.000000
105 106 1.000000
105 108 1.000000
105 112 1.000000
105 135 1.000000
105 143 1.000000
105 144 1.000000
106 143 1.000000
106 147 1.000000
107 110 1.000000
107 114 1.000000
107 117 1.000000
107 125 1.000000
107 126 1.000000
107 128 1.000000
107 129 1.000000
107 136 1.000000
107 140 1.000000
107 146 1.000000
108 118 1.000000
110 117 1.000000
110 125 1.000000
110 126 1.000000
110 128 1.000000
110 129 1.000000
110 132 1.000000
110 136 1.000000
110 140 1.000000
110 146 1.000000
111 121 1.000000
111 131 1.000000
111 133 1.000000
111 145 1.000000
112 113 1.000000
112 118 1.000000
112 135 1.000000
112 137 1.000000
112 148 1.000000
113 118 1.000000
114 117 1.000000
114 125 1.000000
114 126 1.000000
114 129 1.000000
114 132 1.000000
114 136 1.000000
114 140 1.000000
114 146 1.000000
117 125 1.000000
117 126 1.000000
117 128 1.000000
117 129 1.000000
117 132 1.000000
117 136 1.000000
117 146 1.000000
118 148 1.000000
120 121 1.000000
120 131 1.000000
120 133 1.000000
120 138 1.000000
120 142 1.000000
120 143 1.000000
120 145 1.000000
120 150 1.000000
121 131 1.000000
121 133 1.000000
121 138 1.000000
121 142 1.000000
121 143 1.000000
121 145 1.000000
121 148 1.000000
121 149 1.000000
121 150 1.000000
122 124 1.000000
124 147 1.000000
125 126 1.000000
125 128 1.000000
125 129 1.000000
125 132 1.000000
125 136 1.000000
125 140 1.000000
125 146 1.000000
126 128 1.000000
126 129 1.000000
126 132 1.000000
126 136 1.000000
126 140 1.000000
126 146 1.000000
128 129 1.000000
128 132 1.000000
128 136 1.000000
128 140 1.000000
128 146 1.000000
129 132 1.000000
129 136 1.000000
129 140 1.000000
129 146 1.000000
131 133 1.000000
131 150 1.000000
132 136 1.000000
132 140 1.000000
133 145 1.000000
135 137 1.000000
136 140 1.000000
136 146 1.000000
138 143 1.000000
140 146 1.000000
141 148 1.000000
142 145 1.000000
142 147 1.000000
142 149 1.000000
143 144 1.000000
143 147 1.000000
143 150 1.000000
144 147 1.000000
145 149 1.000000
145 150 1.000000
