1 2 1.000000
2 3 8.000000
2 4 10.000000
2 5 1.000000
2 6 1.000000
2 7 1.000000
2 8 1.000000
2 9 2.000000
2 10 1.000000
2 11 5.000000
3 4 6.000000
3 11 3.000000
4 11 3.000000
11 12 1.000000
11 13 1.000000
11 14 1.000000
11 15 1.000000
11 16 1.000000
11 24 9.000000
11 25 7.000000
11 26 12.000000
11 27 31.000000
11 28 17.000000
11 29 8.000000
11 30 2.000000
11 32 3.000000
11 33 1.000000
11 34 2.000000
11 35 3.000000
11 36 3.000000
11 37 2.000000
11 38 2.000000
11 39 2.000000
11 44 3.000000
11 45 1.000000
11 49 1.000000
11 50 2.000000
11 52 2.000000
11 56 19.000000
11 59 4.000000
11 65 1.000000
11 69 1.000000
11 70 1.000000
11 71 1.000000
11 72 1.000000
11 73 1.000000
13 24 2.000000
17 18 4.000000
17 19 4.000000
17 20 4.000000
17 21 3.000000
17 22 3.000000
17 23 3.000000
17 24 3.000000
18 19 4.000000
18 20 4.000000
18 21 3.000000
18 22 3.000000
18 23 3.000000
18 24 3.000000
18 27 1.000000
18 56 1.000000
19 20 4.000000
19 21 3.000000
19 22 3.000000
19 23 3.000000
19 24 3.000000
20 21 4.000000
20 22 3.000000
20 23 3.000000
20 24 3.000000
21 22 5.000000
21 23 4.000000
21 24 4.000000
22 23 4.000000
22 24 4.000000
23 24 4.000000
24 25 2.000000
24 26 1.000000
24 28 5.000000
24 30 1.000000
24 31 1.000000
24 32 2.000000
25 26 13.000000
25 27 4.000000
25 28 1.000000
25 42 2.000000
25 43 1.000000
25 51 1.000000
25 69 1.000000
25 70 1.000000
25 71 1.000000
26 27 1.000000
26 28 5.000000
26 40 1.000000
26 41 1.000000
26 42 3.000000
26 43 2.000000
26 49 1.000000
26 56 2.000000
26 69 5.000000
26 70 6.000000
26 71 4.000000
26 72 1.000000
26 76 3.000000
27 28 1.000000
27 44 1.000000
27 50 3.000000
27 52 2.000000
27 55 1.000000
27 56 21.000000
27 73 2.000000
28 29 1.000000
28 30 1.000000
28 32 1.000000
28 34 1.000000
28 44 1.000000
28 49 1.000000
28 59 6.000000
28 69 1.000000
28 70 2.000000
28 71 1.000000
28 72 1.000000
28 73 1.000000
29 45 3.000000
29 46 2.000000
30 35 2.000000
30 36 2.000000
30 37 1.000000
30 38 1.000000
30 39 1.000000
31 32 2.000000
35 36 3.000000
35 37 2.000000
35 38 2.000000
35 39 2.000000
36 37 2.000000
36 38 2.000000
36 39 2.000000
37 38 2.000000
37 39 2.000000
38 39 2.000000
40 53 1.000000
40 56 1.000000
42 43 2.000000
42 56 5.000000
42 58 1.000000
42 63 1.000000
42 69 1.000000
42 70 1.000000
42 71 1.000000
42 72 1.000000
42 76 1.000000
47 48 1.000000
47 49 2.000000
49 56 4.000000
49 58 1.000000
49 59 7.000000
49 60 6.000000
49 61 1.000000
49 62 2.000000
49 63 7.000000
49 64 5.000000
49 65 5.000000
49 66 3.000000
49 67 1.000000
49 69 1.000000
49 70 1.000000
49 72 1.000000
49 74 2.000000
49 75 2.000000
49 76 1.000000
49 77 1.000000
50 51 1.000000
50 52 9.000000
50 55 1.000000
50 56 12.000000
50 57 1.000000
52 53 1.000000
52 54 1.000000
52 55 2.000000
52 56 6.000000
55 56 1.000000
56 57 1.000000
56 58 1.000000
56 59 7.000000
56 60 5.000000
56 62 1.000000
56 63 9.000000
56 64 1.000000
56 65 5.000000
56 66 2.000000
58 59 1.000000
58 60 2.000000
58 62 1.000000
58 63 2.000000
58 64 2.000000
58 65 1.000000
58 66 1.000000
58 68 3.000000
59 60 15.000000
59 61 4.000000
59 62 6.000000
59 63 17.000000
59 64 4.000000
59 65 10.000000
59 66 5.000000
59 67 3.000000
59 71 1.000000
59 77 1.000000
60 61 2.000000
60 62 5.000000
60 63 13.000000
60 64 5.000000
60 65 9.000000
60 66 5.000000
60 67 1.000000
61 62 2.000000
61 63 3.000000
61 64 2.000000
61 65 2.000000
61 66 2.000000
61 67 1.000000
62 63 6.000000
62 64 3.000000
62 65 6.000000
62 66 5.000000
62 67 1.000000
63 64 6.000000
63 65 12.000000
63 66 5.000000
63 67 2.000000
63 77 1.000000
64 65 4.000000
64 66 5.000000
64 67 1.000000
64 77 1.000000
65 66 7.000000
65 67 3.000000
65 77 1.000000
66 67 2.000000
66 77 1.000000
67 77 1.000000
69 70 6.000000
69 71 4.000000
69 72 2.000000
69 76 3.000000
70 71 4.000000
70 72 2.000000
70 76 3.000000
71 72 2.000000
71 76 1.000000
72 76 1.000000
74 75 3.000000
